25532143;41.17302;-8.594707;-0.1500059;0.7186047
25532144;41.17266;-8.594761;-0.1500069;0.7185984
25532145;41.17228;-8.594697;-0.1500058;0.7185917
25532146;41.17189;-8.594493;-0.1500022;0.7185851
25532177;41.17164;-8.594307;-0.1499989;0.7185807
25532181;41.17165;-8.596414;-0.1500357;0.7185809
25532183;41.17147;-8.596746;-0.1500415;0.7185777
25532189;41.17156;-8.595633;-0.1500221;0.7185792
25532193;41.1727;-8.595051;-0.1500119;0.7185992
25532195;41.17331;-8.594783;-0.1500073;0.7186098
25532197;41.1732;-8.594965;-0.1500104;0.7186079
25532199;41.1727;-8.595308;-0.1500164;0.7185991
25532200;41.1724;-8.595609;-0.1500217;0.7185939
25532201;41.17213;-8.596005;-0.1500286;0.7185892
25532202;41.17196;-8.596435;-0.1500361;0.7185863
25532203;41.17183;-8.597111;-0.1500479;0.7185839
25532204;41.17141;-8.597669;-0.1500576;0.7185767
25532205;41.17141;-8.597282;-0.1500509;0.7185767
25532210;41.17152;-8.595517;-0.1500201;0.7185786
25532211;41.17212;-8.595158;-0.1500138;0.7185889
25532212;41.17245;-8.59504;-0.1500117;0.7185948
25532222;41.17212;-8.595276;-0.1500159;0.7185891
26015879;41.17133;-8.593912;-0.1499921;0.7185752
26015881;41.17167;-8.594513;-0.1500026;0.7185813
26015882;41.17149;-8.594512;-0.1500025;0.718578
26015883;41.17185;-8.594957;-0.1500103;0.7185843
26015884;41.17168;-8.595037;-0.1500117;0.7185814
26015885;41.17195;-8.595536;-0.1500204;0.718586
26015886;41.17177;-8.595554;-0.1500207;0.7185829
26015887;41.17192;-8.596149;-0.1500311;0.7185855
26015888;41.17174;-8.596121;-0.1500306;0.7185824
26015889;41.17181;-8.596978;-0.1500456;0.7185836
26015890;41.17163;-8.596927;-0.1500447;0.7185805
26015891;41.17141;-8.598987;-0.1500806;0.7185766
26015897;41.17132;-8.601276;-0.1501206;0.7185751
26015899;41.17165;-8.604239;-0.1501723;0.7185808
26015900;41.17147;-8.604276;-0.1501729;0.7185777
26057769;41.18039;-8.594508;-0.1500025;0.7187334
26057772;41.18012;-8.594251;-0.149998;0.7187287
26057774;41.18007;-8.593801;-0.1499901;0.7187278
26057776;41.18018;-8.593471;-0.1499844;0.7187297
26057858;41.17974;-8.592932;-0.149975;0.7187221
26122713;41.1741;-8.594269;-0.1499983;0.7186235
26122714;41.17415;-8.594494;-0.1500022;0.7186245
26122715;41.17529;-8.593709;-0.1499885;0.7186444
26122716;41.17534;-8.593939;-0.1499925;0.7186453
26122717;41.17602;-8.59348;-0.1499845;0.7186571
26122718;41.17673;-8.593357;-0.1499824;0.7186695
26122719;41.17731;-8.593266;-0.1499808;0.7186796
26122720;41.18002;-8.592981;-0.1499758;0.718727
26122786;41.17949;-8.593282;-0.1499811;0.7187178
26122787;41.17729;-8.593524;-0.1499853;0.7186793
26122788;41.1767;-8.593575;-0.1499862;0.7186689
26122789;41.17606;-8.593714;-0.1499886;0.7186577
112597522;41.17142;-8.597487;-0.1500545;0.7185768
112597525;41.17133;-8.597144;-0.1500485;0.7185753
112597547;41.17136;-8.596827;-0.1500429;0.7185757
112597549;41.17159;-8.596595;-0.1500389;0.7185797
112652825;41.18039;-8.593316;-0.1499817;0.7187334
112652828;41.18013;-8.593625;-0.1499871;0.7187288
112652829;41.18006;-8.59402;-0.1499939;0.7187276
112652830;41.18023;-8.594398;-0.1500005;0.7187306
128586501;41.17211;-8.604615;-0.1501789;0.7185889
128587399;41.17139;-8.601242;-0.15012;0.7185763
128587401;41.17148;-8.601594;-0.1501261;0.7185779
128587402;41.17155;-8.601877;-0.1501311;0.7185792
128587405;41.17163;-8.602075;-0.1501345;0.7185804
128587408;41.17168;-8.602324;-0.1501389;0.7185814
128587410;41.17173;-8.602718;-0.1501458;0.7185823
128587416;41.17178;-8.603105;-0.1501525;0.7185831
128588839;41.17179;-8.603319;-0.1501562;0.7185834
128588840;41.17182;-8.603534;-0.15016;0.7185838
128588844;41.17184;-8.603714;-0.1501631;0.7185842
128588845;41.17192;-8.603843;-0.1501654;0.7185857
128588848;41.17204;-8.603929;-0.1501669;0.7185876
128588850;41.1722;-8.604006;-0.1501682;0.7185904
128588853;41.17235;-8.6041;-0.1501699;0.7185931
128588856;41.17248;-8.604229;-0.1501721;0.7185953
128588858;41.17257;-8.604392;-0.150175;0.7185969
128588859;41.17273;-8.604658;-0.1501796;0.7185996
128591046;41.17186;-8.603233;-0.1501548;0.7185845
128591048;41.17196;-8.603422;-0.150158;0.7185863
128591050;41.17207;-8.603542;-0.1501601;0.7185881
128591052;41.17222;-8.60368;-0.1501625;0.7185908
128591054;41.1724;-8.603826;-0.1501651;0.718594
128591056;41.17257;-8.603971;-0.1501676;0.7185969
128591059;41.17271;-8.604143;-0.1501706;0.7185994
128591062;41.1728;-8.604298;-0.1501733;0.7186009
128591064;41.17283;-8.604469;-0.1501763;0.7186015
128591066;41.17283;-8.604598;-0.1501786;0.7186015
128591068;41.17279;-8.604701;-0.1501804;0.7186008
128591901;41.17208;-8.604538;-0.1501775;0.7185883
128591902;41.172;-8.604444;-0.1501759;0.718587
128591905;41.17188;-8.604349;-0.1501742;0.7185848
128594093;41.17176;-8.604293;-0.1501732;0.7185827
128594096;41.17203;-8.604212;-0.1501718;0.7185875
128594097;41.17221;-8.604272;-0.1501729;0.7185907
128594098;41.17239;-8.604392;-0.150175;0.7185938
128594099;41.17255;-8.604598;-0.1501786;0.7185966
128595581;41.17189;-8.604143;-0.1501706;0.7185851
128595583;41.17202;-8.604126;-0.1501703;0.7185873
128595584;41.17221;-8.604169;-0.1501711;0.7185906
128595587;41.17237;-8.604272;-0.1501729;0.7185935
128595589;41.17252;-8.604418;-0.1501754;0.718596
128595591;41.17266;-8.604624;-0.150179;0.7185985
128606054;41.1719;-8.604229;-0.1501721;0.7185852
128607704;41.17181;-8.60419;-0.1501714;0.7185836
411504977;41.17468;-8.599753;-0.150094;0.7186337
411504979;41.17395;-8.600734;-0.1501111;0.718621
411504981;41.17382;-8.601034;-0.1501164;0.7186188
411504984;41.17376;-8.601309;-0.1501212;0.7186177
411504986;41.17376;-8.601566;-0.1501257;0.7186177
411504987;41.17373;-8.603437;-0.1501583;0.7186171
411504995;41.17181;-8.598047;-0.1500642;0.7185837
411504997;41.17222;-8.598296;-0.1500686;0.7185908
411504999;41.17335;-8.598948;-0.15008;0.7186105
411835381;41.17214;-8.597795;-0.1500598;0.7185894
411835382;41.17227;-8.597378;-0.1500525;0.7185916
411835383;41.17245;-8.596834;-0.1500431;0.7185948
411835384;41.17268;-8.596517;-0.1500375;0.7185989
411835385;41.17298;-8.59668;-0.1500404;0.7186041
411835386;41.17352;-8.597006;-0.1500461;0.7186136
411835387;41.17392;-8.597272;-0.1500507;0.7186204
411835388;41.17437;-8.597632;-0.150057;0.7186283
411835389;41.17472;-8.597941;-0.1500624;0.7186345
411835390;41.17485;-8.598165;-0.1500663;0.7186368
411835391;41.17487;-8.598602;-0.1500739;0.718637
411835392;41.17479;-8.599074;-0.1500822;0.7186356
411835393;41.17474;-8.599495;-0.1500895;0.7186347
411835470;41.17201;-8.598168;-0.1500663;0.7185871
412246602;41.17633;-8.603968;-0.1501676;0.7186626
412246603;41.17657;-8.604001;-0.1501682;0.7186667
412246604;41.17669;-8.604044;-0.1501689;0.7186688
412246606;41.17698;-8.604337;-0.150174;0.7186739
412247985;41.17638;-8.603786;-0.1501644;0.7186635
412247987;41.17647;-8.603452;-0.1501586;0.7186649
412247988;41.17658;-8.603169;-0.1501536;0.7186669
412247991;41.17684;-8.602457;-0.1501412;0.7186714
412247996;41.17687;-8.602148;-0.1501358;0.7186719
412248000;41.1768;-8.601924;-0.1501319;0.7186707
412248004;41.17661;-8.601693;-0.1501279;0.7186674
412248006;41.176;-8.600886;-0.1501138;0.7186568
412248011;41.17587;-8.600602;-0.1501088;0.7186545
412248019;41.17571;-8.600207;-0.1501019;0.7186518
412249442;41.17372;-8.603829;-0.1501652;0.718617
412249443;41.17453;-8.603838;-0.1501653;0.7186311
412249444;41.17496;-8.603847;-0.1501655;0.7186387
412249445;41.17533;-8.603873;-0.1501659;0.7186451
412249446;41.17592;-8.603916;-0.1501667;0.7186553
412249448;41.1749;-8.599916;-0.1500969;0.7186376
412249449;41.17516;-8.600053;-0.1500992;0.7186421
412249450;41.17541;-8.600165;-0.1501012;0.7186464
412249451;41.17599;-8.600161;-0.1501011;0.7186565
412256453;41.17192;-8.598451;-0.1500713;0.7185856
420776939;41.17641;-8.600032;-0.1500989;0.7186639
420776940;41.17708;-8.599697;-0.150093;0.7186756
420776943;41.17791;-8.5993;-0.1500861;0.71869
420776945;41.18033;-8.598083;-0.1500649;0.7187323
420776961;41.18017;-8.59477;-0.150007;0.7187296
420777494;41.17389;-8.600878;-0.1501136;0.7186199
420777495;41.1716;-8.599431;-0.1500884;0.71858
420777496;41.17163;-8.599285;-0.1500858;0.7185806
430006694;41.17848;-8.598989;-0.1500807;0.7187001
430012027;41.17645;-8.597519;-0.150055;0.7186645
430012028;41.17647;-8.597818;-0.1500602;0.7186649
430012030;41.17681;-8.599139;-0.1500833;0.7186708
430012057;41.17606;-8.597052;-0.1500469;0.7186578
430012058;41.17606;-8.597285;-0.1500509;0.7186577
432578781;41.17727;-8.599606;-0.1500914;0.7186789
432578810;41.17297;-8.598734;-0.1500762;0.7186039
432578813;41.17374;-8.599188;-0.1500841;0.7186173
432578817;41.17481;-8.598956;-0.1500801;0.718636
432578826;41.17687;-8.595781;-0.1500247;0.718672
432578827;41.17684;-8.595567;-0.1500209;0.7186714
432578828;41.17686;-8.595352;-0.1500172;0.7186718
432578830;41.1761;-8.595953;-0.1500277;0.7186585
432578831;41.17542;-8.594193;-0.149997;0.7186466
432578852;41.17584;-8.593301;-0.1499814;0.718654
432578853;41.17519;-8.593524;-0.1499853;0.7186427
432578862;41.17244;-8.59306;-0.1499772;0.7185946
432578863;41.17209;-8.593318;-0.1499817;0.7185886
432578864;41.17193;-8.593438;-0.1499838;0.7185858
432578901;41.17457;-8.594494;-0.1500022;0.7186319
432578903;41.17431;-8.594631;-0.1500046;0.7186273
432578906;41.17408;-8.594786;-0.1500073;0.7186232
432578908;41.17371;-8.594983;-0.1500107;0.7186167
432578916;41.17323;-8.595223;-0.150015;0.7186084
432578919;41.17267;-8.595661;-0.1500226;0.7185987
432578922;41.17238;-8.59591;-0.1500269;0.7185937
432578925;41.1724;-8.596065;-0.1500296;0.7185939
432578927;41.1725;-8.59621;-0.1500322;0.7185957
432578930;41.1726;-8.596348;-0.1500346;0.7185975
432578938;41.17324;-8.59798;-0.1500631;0.7186086
432578945;41.174;-8.598453;-0.1500713;0.7186218
435240898;41.17596;-8.595592;-0.1500214;0.7186561
435240906;41.1778;-8.598452;-0.1500713;0.7186882
435240914;41.17767;-8.598501;-0.1500722;0.718686
435240917;41.17693;-8.594313;-0.1499991;0.718673
435240927;41.17649;-8.593233;-0.1499802;0.7186653
435240930;41.17596;-8.593233;-0.1499802;0.7186561
435240932;41.1755;-8.593416;-0.1499834;0.7186481
435240959;41.17751;-8.594282;-0.1499985;0.7186831
444026522;41.1804;-8.595502;-0.1500198;0.7187337
444026524;41.18005;-8.595274;-0.1500158;0.7187275
445439255;41.17331;-8.600513;-0.1501073;0.7186099
445439258;41.17289;-8.600245;-0.1501026;0.7186024
445439261;41.17253;-8.600017;-0.1500986;0.7185962
445439265;41.17199;-8.599679;-0.1500927;0.7185869
445439274;41.17176;-8.5989;-0.1500791;0.7185829
445439284;41.1724;-8.5984;-0.1500704;0.7185939
445439290;41.17429;-8.599523;-0.15009;0.718627
445439334;41.17215;-8.599127;-0.1500831;0.7185895
445439337;41.17271;-8.599456;-0.1500888;0.7185994
445439340;41.17309;-8.599677;-0.1500927;0.718606
445439343;41.1735;-8.59996;-0.1500976;0.7186131
445439344;41.17405;-8.600261;-0.1501029;0.7186228
445439347;41.17396;-8.600578;-0.1501084;0.7186212
506111738;41.17868;-8.598042;-0.1500641;0.7187035
506111739;41.1784;-8.594316;-0.1499991;0.7186987
506111741;41.17836;-8.594248;-0.1499979;0.7186979
506111742;41.17832;-8.593853;-0.149991;0.7186973
784475024;41.17704;-8.593101;-0.1499779;0.7186748
