25532143;41.17302;-8.594707;-0.1500059;0.7186047
25532144;41.17266;-8.594761;-0.1500069;0.7185984
25532145;41.17228;-8.594697;-0.1500058;0.7185917
25532146;41.17189;-8.594493;-0.1500022;0.7185851
25532177;41.17164;-8.594307;-0.1499989;0.7185807
25532181;41.17165;-8.596414;-0.1500357;0.7185809
25532183;41.17147;-8.596746;-0.1500415;0.7185777
25532184;41.17121;-8.5968;-0.1500425;0.7185732
25532185;41.17104;-8.596552;-0.1500381;0.7185703
25532186;41.17106;-8.596167;-0.1500314;0.7185705
25532187;41.17126;-8.595888;-0.1500265;0.718574
25532189;41.17156;-8.595633;-0.1500221;0.7185792
25532193;41.1727;-8.595051;-0.1500119;0.7185992
25532195;41.17331;-8.594783;-0.1500073;0.7186098
25532197;41.1732;-8.594965;-0.1500104;0.7186079
25532199;41.1727;-8.595308;-0.1500164;0.7185991
25532200;41.1724;-8.595609;-0.1500217;0.7185939
25532201;41.17213;-8.596005;-0.1500286;0.7185892
25532202;41.17196;-8.596435;-0.1500361;0.7185863
25532203;41.17183;-8.597111;-0.1500479;0.7185839
25532204;41.17141;-8.597669;-0.1500576;0.7185767
25532205;41.17141;-8.597282;-0.1500509;0.7185767
25532206;41.17123;-8.597014;-0.1500462;0.7185735
25532207;41.17102;-8.596767;-0.1500419;0.7185698
25532208;41.17091;-8.596359;-0.1500348;0.7185679
25532209;41.17108;-8.59592;-0.1500271;0.7185709
25532210;41.17152;-8.595517;-0.1500201;0.7185786
25532211;41.17212;-8.595158;-0.1500138;0.7185889
25532212;41.17245;-8.59504;-0.1500117;0.7185948
25532222;41.17212;-8.595276;-0.1500159;0.7185891
26015876;41.16843;-8.589648;-0.1499176;0.7185246
26015878;41.16947;-8.591363;-0.1499476;0.7185428
26015879;41.17133;-8.593912;-0.1499921;0.7185752
26015880;41.1712;-8.594005;-0.1499937;0.7185729
26015881;41.17167;-8.594513;-0.1500026;0.7185813
26015882;41.17149;-8.594512;-0.1500025;0.718578
26015883;41.17185;-8.594957;-0.1500103;0.7185843
26015884;41.17168;-8.595037;-0.1500117;0.7185814
26015885;41.17195;-8.595536;-0.1500204;0.718586
26015886;41.17177;-8.595554;-0.1500207;0.7185829
26015887;41.17192;-8.596149;-0.1500311;0.7185855
26015888;41.17174;-8.596121;-0.1500306;0.7185824
26015889;41.17181;-8.596978;-0.1500456;0.7185836
26015890;41.17163;-8.596927;-0.1500447;0.7185805
26015891;41.17141;-8.598987;-0.1500806;0.7185766
26015892;41.17123;-8.598935;-0.1500797;0.7185735
26015893;41.1713;-8.599786;-0.1500946;0.7185746
26015894;41.17112;-8.599754;-0.150094;0.7185716
26015895;41.17127;-8.600641;-0.1501095;0.7185743
26015896;41.17107;-8.600397;-0.1501053;0.7185708
26015897;41.17132;-8.601276;-0.1501206;0.7185751
26015898;41.17115;-8.601233;-0.1501198;0.7185721
26015899;41.17165;-8.604239;-0.1501723;0.7185808
26015900;41.17147;-8.604276;-0.1501729;0.7185777
26015901;41.17174;-8.604988;-0.1501854;0.7185825
26015902;41.17157;-8.605029;-0.1501861;0.7185794
26015903;41.17192;-8.605606;-0.1501962;0.7185855
26015904;41.17176;-8.605721;-0.1501982;0.7185827
26015905;41.17216;-8.606192;-0.1502064;0.7185897
26015906;41.172;-8.606324;-0.1502087;0.718587
26015907;41.17251;-8.606783;-0.1502167;0.7185959
26015908;41.17238;-8.60694;-0.1502194;0.7185935
26015909;41.17353;-8.608215;-0.1502417;0.7186137
26015910;41.17337;-8.608289;-0.150243;0.7186109
26015911;41.17394;-8.609091;-0.150257;0.7186208
26015912;41.1738;-8.609138;-0.1502578;0.7186184
26015913;41.1742;-8.609945;-0.1502719;0.7186253
26015914;41.17406;-8.609954;-0.150272;0.7186229
26015915;41.17438;-8.610821;-0.1502872;0.7186285
26015916;41.17424;-8.610821;-0.1502872;0.718626
26015917;41.17448;-8.611713;-0.1503028;0.7186303
26015918;41.17435;-8.611773;-0.1503038;0.718628
26015919;41.17455;-8.612743;-0.1503207;0.7186315
26015920;41.17442;-8.612743;-0.1503207;0.7186292
26057762;41.18097;-8.593715;-0.1499886;0.7187436
26057764;41.18092;-8.594192;-0.1499969;0.7187425
26057767;41.18069;-8.594465;-0.1500017;0.7187386
26057769;41.18039;-8.594508;-0.1500025;0.7187334
26057772;41.18012;-8.594251;-0.149998;0.7187287
26057774;41.18007;-8.593801;-0.1499901;0.7187278
26057776;41.18018;-8.593471;-0.1499844;0.7187297
26057780;41.18063;-8.593264;-0.1499807;0.7187375
26057784;41.18114;-8.593282;-0.1499811;0.7187464
26057797;41.18371;-8.59379;-0.1499899;0.7187914
26057799;41.18285;-8.593715;-0.1499886;0.7187764
26057801;41.18212;-8.59366;-0.1499877;0.7187636
26057803;41.1818;-8.593715;-0.1499886;0.7187581
26057804;41.18164;-8.593886;-0.1499916;0.7187551
26057805;41.18154;-8.59423;-0.1499976;0.7187534
26057813;41.18159;-8.594621;-0.1500044;0.7187543
26057846;41.18019;-8.591153;-0.1499439;0.7187299
26057847;41.18043;-8.591633;-0.1499523;0.7187341
26057848;41.18064;-8.591912;-0.1499572;0.7187378
26057849;41.181;-8.592223;-0.1499626;0.718744
26057850;41.18135;-8.592448;-0.1499665;0.7187502
26057851;41.18235;-8.59292;-0.1499747;0.7187675
26057852;41.18267;-8.59306;-0.1499772;0.7187732
26057853;41.18037;-8.59213;-0.149961;0.7187331
26057854;41.18011;-8.591788;-0.149955;0.7187286
26057855;41.17962;-8.591794;-0.1499551;0.71872
26057856;41.17939;-8.592127;-0.1499609;0.718716
26057857;41.17947;-8.592652;-0.1499701;0.7187173
26057858;41.17974;-8.592932;-0.149975;0.7187221
26122713;41.1741;-8.594269;-0.1499983;0.7186235
26122714;41.17415;-8.594494;-0.1500022;0.7186245
26122715;41.17529;-8.593709;-0.1499885;0.7186444
26122716;41.17534;-8.593939;-0.1499925;0.7186453
26122717;41.17602;-8.59348;-0.1499845;0.7186571
26122718;41.17673;-8.593357;-0.1499824;0.7186695
26122719;41.17731;-8.593266;-0.1499808;0.7186796
26122720;41.18002;-8.592981;-0.1499758;0.718727
26122721;41.18055;-8.592933;-0.149975;0.7187362
26122722;41.18143;-8.592975;-0.1499757;0.7187515
26122723;41.18218;-8.593058;-0.1499771;0.7187647
26122724;41.18391;-8.593499;-0.1499849;0.7187948
26122725;41.18496;-8.593844;-0.1499909;0.7188131
26122781;41.18491;-8.594076;-0.1499949;0.7188123
26122782;41.18296;-8.593458;-0.1499841;0.7187783
26122783;41.18216;-8.593295;-0.1499813;0.7187642
26122784;41.18142;-8.593213;-0.1499799;0.7187514
26122785;41.18056;-8.593172;-0.1499791;0.7187363
26122786;41.17949;-8.593282;-0.1499811;0.7187178
26122787;41.17729;-8.593524;-0.1499853;0.7186793
26122788;41.1767;-8.593575;-0.1499862;0.7186689
26122789;41.17606;-8.593714;-0.1499886;0.7186577
112597522;41.17142;-8.597487;-0.1500545;0.7185768
112597525;41.17133;-8.597144;-0.1500485;0.7185753
112597526;41.17094;-8.596621;-0.1500393;0.7185684
112597528;41.17096;-8.596123;-0.1500306;0.7185688
112597541;41.17114;-8.596028;-0.150029;0.718572
112597544;41.17101;-8.596372;-0.150035;0.7185696
112597546;41.17112;-8.596706;-0.1500408;0.7185715
112597547;41.17136;-8.596827;-0.1500429;0.7185757
112597549;41.17159;-8.596595;-0.1500389;0.7185797
112613587;41.18327;-8.612482;-0.1503162;0.7187837
112613588;41.18336;-8.612233;-0.1503118;0.7187853
112613589;41.18374;-8.611317;-0.1502958;0.7187919
112613590;41.18438;-8.609684;-0.1502673;0.718803
112613592;41.18446;-8.609456;-0.1502634;0.7188044
112613593;41.18457;-8.608766;-0.1502513;0.7188063
112613594;41.18461;-8.608285;-0.1502429;0.7188071
112613595;41.1846;-8.607821;-0.1502348;0.7188068
112613596;41.18459;-8.607367;-0.1502269;0.7188066
112613597;41.18451;-8.606864;-0.1502181;0.7188054
112613598;41.18438;-8.606057;-0.150204;0.7188031
112613600;41.18384;-8.603637;-0.1501618;0.7187936
112613601;41.18377;-8.603251;-0.1501551;0.7187924
112613602;41.18293;-8.599929;-0.1500971;0.7187777
112613603;41.1822;-8.597311;-0.1500514;0.718765
112613604;41.18174;-8.595728;-0.1500238;0.7187569
112613605;41.18141;-8.594646;-0.1500049;0.7187513
112613606;41.18099;-8.593599;-0.1499866;0.7187439
112613608;41.18056;-8.592578;-0.1499688;0.7187363
112613609;41.18006;-8.591351;-0.1499474;0.7187276
112613610;41.17986;-8.590664;-0.1499354;0.7187242
112613611;41.17967;-8.589788;-0.1499201;0.7187208
112613612;41.17961;-8.589239;-0.1499105;0.7187198
112651987;41.17983;-8.589462;-0.1499144;0.7187236
112651988;41.17989;-8.589986;-0.1499235;0.7187247
112651989;41.18007;-8.590681;-0.1499357;0.7187278
112651990;41.18029;-8.591539;-0.1499507;0.7187317
112651991;41.18073;-8.592546;-0.1499682;0.7187393
112651992;41.18108;-8.593373;-0.1499827;0.7187454
112651993;41.18181;-8.595385;-0.1500178;0.7187582
112651994;41.18238;-8.597376;-0.1500525;0.7187681
112651995;41.18352;-8.601603;-0.1501263;0.718788
112651996;41.18425;-8.604826;-0.1501825;0.7188008
112651997;41.18458;-8.606362;-0.1502094;0.7188065
112651999;41.18466;-8.606894;-0.1502187;0.7188079
112652000;41.18474;-8.607392;-0.1502273;0.7188093
112652001;41.18473;-8.607993;-0.1502378;0.7188092
112652002;41.18472;-8.608585;-0.1502482;0.7188089
112652003;41.18464;-8.609152;-0.150258;0.7188076
112652004;41.18452;-8.609667;-0.150267;0.7188055
112652006;41.18433;-8.610345;-0.1502789;0.7188021
112652009;41.18413;-8.610903;-0.1502886;0.7187986
112652011;41.18365;-8.61207;-0.150309;0.7187902
112652012;41.1835;-8.612448;-0.1503156;0.7187877
112652014;41.18341;-8.612722;-0.1503204;0.7187862
112652825;41.18039;-8.593316;-0.1499817;0.7187334
112652828;41.18013;-8.593625;-0.1499871;0.7187288
112652829;41.18006;-8.59402;-0.1499939;0.7187276
112652830;41.18023;-8.594398;-0.1500005;0.7187306
112652831;41.18055;-8.594526;-0.1500028;0.7187361
112652832;41.18082;-8.594355;-0.1499998;0.718741
112652833;41.18097;-8.593968;-0.149993;0.7187436
112652932;41.18093;-8.593469;-0.1499843;0.7187429
112653406;41.17958;-8.592835;-0.1499733;0.7187192
112653914;41.17949;-8.591926;-0.1499574;0.7187178
112653915;41.17941;-8.592423;-0.1499661;0.7187163
112654450;41.17995;-8.591711;-0.1499536;0.7187257
112654452;41.17981;-8.59172;-0.1499538;0.7187232
128560436;41.17229;-8.612769;-0.1503212;0.718592
128564067;41.17273;-8.612683;-0.1503197;0.7185996
128564068;41.17263;-8.611121;-0.1502924;0.7185979
128571476;41.17475;-8.61264;-0.1503189;0.718635
128571477;41.17469;-8.611868;-0.1503054;0.7186338
128571478;41.17459;-8.611216;-0.1502941;0.7186322
128571479;41.17442;-8.610649;-0.1502842;0.7186291
128577510;41.17421;-8.612632;-0.1503188;0.7186255
128577512;41.1742;-8.611911;-0.1503062;0.7186253
128577516;41.17416;-8.611301;-0.1502956;0.7186247
128577517;41.17413;-8.610709;-0.1502852;0.7186241
128577518;41.17406;-8.610323;-0.1502785;0.7186229
128577519;41.17397;-8.609902;-0.1502711;0.7186213
128577520;41.17378;-8.609336;-0.1502613;0.718618
128577522;41.17345;-8.608684;-0.1502499;0.7186123
128577525;41.17321;-8.608229;-0.1502419;0.7186081
128577782;41.17305;-8.607842;-0.1502352;0.7186052
128578693;41.17266;-8.607465;-0.1502286;0.7185985
128578696;41.17242;-8.607242;-0.1502247;0.7185943
128578699;41.17218;-8.607001;-0.1502205;0.71859
128578701;41.172;-8.606804;-0.1502171;0.718587
128578702;41.17185;-8.606606;-0.1502136;0.7185844
128578704;41.1717;-8.606306;-0.1502084;0.7185817
128578706;41.17139;-8.605743;-0.1501986;0.7185764
128579264;41.17309;-8.607594;-0.1502309;0.718606
128579822;41.17292;-8.606031;-0.1502036;0.7186031
128579825;41.17285;-8.606332;-0.1502088;0.7186018
128579827;41.17283;-8.606555;-0.1502127;0.7186014
128579830;41.17283;-8.606855;-0.150218;0.7186015
128579831;41.17287;-8.607087;-0.150222;0.7186022
128579832;41.17295;-8.607259;-0.150225;0.7186036
128580161;41.17333;-8.605714;-0.150198;0.7186102
128580163;41.17305;-8.6058;-0.1501995;0.7186053
128580166;41.17298;-8.605911;-0.1502015;0.7186041
128580399;41.17289;-8.607628;-0.1502315;0.7186025
128581928;41.17316;-8.605671;-0.1501973;0.7186073
128581932;41.17281;-8.605422;-0.1501929;0.7186012
128581937;41.17268;-8.605362;-0.1501919;0.7185988
128581938;41.17253;-8.605336;-0.1501915;0.7185963
128583030;41.17231;-8.605345;-0.1501916;0.7185923
128583031;41.17207;-8.605379;-0.1501922;0.7185881
128583033;41.17155;-8.605615;-0.1501963;0.7185791
128583736;41.17146;-8.605529;-0.1501948;0.7185774
128583739;41.17137;-8.605434;-0.1501932;0.718576
128583741;41.1713;-8.605328;-0.1501913;0.7185746
128583743;41.17123;-8.605199;-0.1501891;0.7185735
128583745;41.17117;-8.60501;-0.1501858;0.7185724
128583747;41.17115;-8.604813;-0.1501823;0.7185721
128583748;41.17115;-8.604589;-0.1501784;0.7185722
128583750;41.17119;-8.604444;-0.1501759;0.7185728
128583753;41.17124;-8.604186;-0.1501714;0.7185736
128583756;41.17131;-8.603891;-0.1501662;0.7185749
128583757;41.17131;-8.603611;-0.1501613;0.7185749
128583760;41.17126;-8.603156;-0.1501534;0.718574
128583855;41.17126;-8.602281;-0.1501381;0.718574
128586494;41.17252;-8.605285;-0.1501905;0.7185961
128586496;41.17237;-8.60519;-0.1501889;0.7185935
128586497;41.1723;-8.60507;-0.1501868;0.7185922
128586498;41.17222;-8.604933;-0.1501844;0.7185908
128586500;41.17214;-8.604753;-0.1501813;0.7185894
128586501;41.17211;-8.604615;-0.1501789;0.7185889
128587399;41.17139;-8.601242;-0.15012;0.7185763
128587401;41.17148;-8.601594;-0.1501261;0.7185779
128587402;41.17155;-8.601877;-0.1501311;0.7185792
128587405;41.17163;-8.602075;-0.1501345;0.7185804
128587408;41.17168;-8.602324;-0.1501389;0.7185814
128587410;41.17173;-8.602718;-0.1501458;0.7185823
128587416;41.17178;-8.603105;-0.1501525;0.7185831
128588839;41.17179;-8.603319;-0.1501562;0.7185834
128588840;41.17182;-8.603534;-0.15016;0.7185838
128588844;41.17184;-8.603714;-0.1501631;0.7185842
128588845;41.17192;-8.603843;-0.1501654;0.7185857
128588848;41.17204;-8.603929;-0.1501669;0.7185876
128588850;41.1722;-8.604006;-0.1501682;0.7185904
128588853;41.17235;-8.6041;-0.1501699;0.7185931
128588856;41.17248;-8.604229;-0.1501721;0.7185953
128588858;41.17257;-8.604392;-0.150175;0.7185969
128588859;41.17273;-8.604658;-0.1501796;0.7185996
128588862;41.17285;-8.604916;-0.1501841;0.7186018
128588864;41.17292;-8.60513;-0.1501878;0.7186031
128588866;41.17298;-8.605371;-0.1501921;0.7186041
128588868;41.17305;-8.605516;-0.1501946;0.7186053
128591046;41.17186;-8.603233;-0.1501548;0.7185845
128591048;41.17196;-8.603422;-0.150158;0.7185863
128591050;41.17207;-8.603542;-0.1501601;0.7185881
128591052;41.17222;-8.60368;-0.1501625;0.7185908
128591054;41.1724;-8.603826;-0.1501651;0.718594
128591056;41.17257;-8.603971;-0.1501676;0.7185969
128591059;41.17271;-8.604143;-0.1501706;0.7185994
128591062;41.1728;-8.604298;-0.1501733;0.7186009
128591064;41.17283;-8.604469;-0.1501763;0.7186015
128591066;41.17283;-8.604598;-0.1501786;0.7186015
128591068;41.17279;-8.604701;-0.1501804;0.7186008
128591070;41.17274;-8.604821;-0.1501825;0.7185998
128591072;41.17264;-8.604898;-0.1501838;0.7185982
128591075;41.17253;-8.60495;-0.1501847;0.7185962
128591076;41.17242;-8.60495;-0.1501847;0.7185943
128591079;41.1723;-8.604873;-0.1501834;0.7185922
128591080;41.17221;-8.604778;-0.1501817;0.7185907
128591901;41.17208;-8.604538;-0.1501775;0.7185883
128591902;41.172;-8.604444;-0.1501759;0.718587
128591905;41.17188;-8.604349;-0.1501742;0.7185848
128592673;41.17097;-8.604887;-0.1501836;0.7185689
128594093;41.17176;-8.604293;-0.1501732;0.7185827
128594096;41.17203;-8.604212;-0.1501718;0.7185875
128594097;41.17221;-8.604272;-0.1501729;0.7185907
128594098;41.17239;-8.604392;-0.150175;0.7185938
128594099;41.17255;-8.604598;-0.1501786;0.7185966
128594102;41.17266;-8.60477;-0.1501816;0.7185985
128594103;41.17279;-8.604993;-0.1501855;0.7186007
128594106;41.17285;-8.605173;-0.1501886;0.7186018
128594107;41.17289;-8.605345;-0.1501916;0.7186025
128594109;41.1729;-8.605654;-0.150197;0.7186026
128594110;41.17287;-8.605963;-0.1502024;0.7186021
128594112;41.17284;-8.606117;-0.1502051;0.7186016
128595581;41.17189;-8.604143;-0.1501706;0.7185851
128595583;41.17202;-8.604126;-0.1501703;0.7185873
128595584;41.17221;-8.604169;-0.1501711;0.7185906
128595587;41.17237;-8.604272;-0.1501729;0.7185935
128595589;41.17252;-8.604418;-0.1501754;0.718596
128595591;41.17266;-8.604624;-0.150179;0.7185985
128597080;41.17361;-8.605798;-0.1501995;0.7186151
128606054;41.1719;-8.604229;-0.1501721;0.7185852
128607704;41.17181;-8.60419;-0.1501714;0.7185836
130075513;41.17014;-8.59211;-0.1499606;0.7185546
130075708;41.16853;-8.589269;-0.149911;0.7185265
130075709;41.16855;-8.589423;-0.1499137;0.7185268
130075712;41.1686;-8.589646;-0.1499176;0.7185276
138205494;41.16968;-8.605933;-0.1502019;0.7185465
138205495;41.16904;-8.606422;-0.1502104;0.7185352
138205497;41.16871;-8.606466;-0.1502112;0.7185296
138205703;41.1701;-8.605609;-0.1501962;0.7185538
138206144;41.17042;-8.605007;-0.1501857;0.7185593
138206145;41.17066;-8.604707;-0.1501805;0.7185636
138206146;41.17093;-8.604492;-0.1501767;0.7185683
138206148;41.17115;-8.604191;-0.1501715;0.7185721
287458421;41.18427;-8.60493;-0.1501844;0.7188011
287458423;41.18594;-8.603439;-0.1501583;0.7188302
287458425;41.18629;-8.6035;-0.1501594;0.7188364
287458429;41.1813;-8.604657;-0.1501796;0.7187492
287458431;41.1838;-8.603422;-0.150158;0.718793
287458435;41.18411;-8.604967;-0.150185;0.7187983
287458436;41.17731;-8.607515;-0.1502295;0.7186796
287458438;41.17769;-8.607152;-0.1502231;0.7186863
287458440;41.17931;-8.605632;-0.1501966;0.7187146
287458442;41.17972;-8.60535;-0.1501917;0.7187217
287458443;41.17446;-8.609986;-0.1502726;0.7186299
287458445;41.17403;-8.610339;-0.1502788;0.7186224
287458447;41.17391;-8.610339;-0.1502788;0.7186204
287458449;41.17277;-8.610378;-0.1502794;0.7186003
287458451;41.17691;-8.607904;-0.1502363;0.7186726
287458452;41.17533;-8.608549;-0.1502475;0.7186451
287458454;41.17535;-8.609047;-0.1502562;0.7186454
287458456;41.17503;-8.609532;-0.1502647;0.7186399
297369724;41.1757;-8.591673;-0.149953;0.7186515
297369726;41.17428;-8.590488;-0.1499323;0.7186267
297369727;41.17348;-8.589836;-0.1499209;0.7186127
297369728;41.17311;-8.58943;-0.1499138;0.7186063
297369729;41.17286;-8.58921;-0.14991;0.718602
297369739;41.17476;-8.590866;-0.1499389;0.7186352
297369744;41.16985;-8.589201;-0.1499098;0.7185494
299610820;41.16812;-8.590096;-0.1499255;0.7185192
299610871;41.16841;-8.589778;-0.1499199;0.7185243
316511864;41.16962;-8.608321;-0.1502436;0.7185454
316511865;41.17048;-8.606603;-0.1502136;0.7185604
319309730;41.1827;-8.593176;-0.1499792;0.7187737
319309732;41.1809;-8.593379;-0.1499828;0.7187423
319327500;41.17126;-8.595733;-0.1500238;0.718574
319327503;41.16888;-8.590596;-0.1499342;0.7185325
319327505;41.16916;-8.590206;-0.1499274;0.7185374
343634623;41.16949;-8.591575;-0.1499513;0.7185432
343634624;41.17043;-8.593027;-0.1499766;0.7185595
343634625;41.17126;-8.594471;-0.1500018;0.718574
343634626;41.17105;-8.594869;-0.1500088;0.7185705
343634627;41.17068;-8.595457;-0.150019;0.7185639
343634628;41.17038;-8.595646;-0.1500223;0.7185587
343634629;41.16958;-8.596073;-0.1500298;0.7185448
343634630;41.16861;-8.596521;-0.1500376;0.7185278
343634632;41.16884;-8.592817;-0.149973;0.7185318
343634633;41.16808;-8.594377;-0.1500002;0.7185184
343634636;41.16918;-8.592165;-0.1499616;0.7185377
343634637;41.16985;-8.593779;-0.1499897;0.7185495
343634638;41.16957;-8.594577;-0.1500037;0.7185445
343634639;41.1685;-8.593513;-0.1499851;0.7185259
343634640;41.16988;-8.603491;-0.1501592;0.71855
343634641;41.16962;-8.597283;-0.1500509;0.7185454
343634642;41.16967;-8.605453;-0.1501935;0.7185463
343634645;41.16986;-8.60483;-0.1501826;0.7185495
343634649;41.16853;-8.603465;-0.1501588;0.7185263
343634650;41.1707;-8.603714;-0.1501631;0.7185642
343646682;41.16856;-8.597438;-0.1500536;0.718527
343646683;41.16822;-8.597615;-0.1500567;0.7185209
343646685;41.16835;-8.601354;-0.1501219;0.7185232
343646688;41.17101;-8.611196;-0.1502937;0.7185696
343646689;41.16946;-8.608552;-0.1502476;0.7185426
343646691;41.17263;-8.611056;-0.1502913;0.7185979
343646695;41.17051;-8.609556;-0.1502651;0.7185609
343646696;41.17112;-8.610131;-0.1502751;0.7185715
343646697;41.17175;-8.611135;-0.1502927;0.7185826
343646698;41.17125;-8.608629;-0.1502489;0.7185738
343646700;41.1719;-8.608912;-0.1502539;0.7185853
343646703;41.16808;-8.606497;-0.1502117;0.7185184
343646705;41.16975;-8.607634;-0.1502315;0.7185478
343646706;41.1699;-8.606388;-0.1502098;0.7185502
343646710;41.16833;-8.609965;-0.1502723;0.7185228
401623786;41.17381;-8.592567;-0.1499686;0.7186186
403124585;41.17109;-8.604014;-0.1501684;0.7185711
404746922;41.17023;-8.606371;-0.1502095;0.7185561
409118177;41.16834;-8.589499;-0.149915;0.7185231
410371870;41.17009;-8.593315;-0.1499816;0.7185535
411504964;41.1699;-8.597266;-0.1500506;0.7185502
411504965;41.17003;-8.597292;-0.1500511;0.7185525
411504966;41.17122;-8.597713;-0.1500584;0.7185734
411504967;41.17371;-8.605257;-0.1501901;0.7186167
411504968;41.17374;-8.605592;-0.1501959;0.7186174
411504969;41.17383;-8.605866;-0.1502007;0.7186189
411504977;41.17468;-8.599753;-0.150094;0.7186337
411504979;41.17395;-8.600734;-0.1501111;0.718621
411504981;41.17382;-8.601034;-0.1501164;0.7186188
411504984;41.17376;-8.601309;-0.1501212;0.7186177
411504986;41.17376;-8.601566;-0.1501257;0.7186177
411504987;41.17373;-8.603437;-0.1501583;0.7186171
411504988;41.17366;-8.605626;-0.1501965;0.7186159
411504995;41.17181;-8.598047;-0.1500642;0.7185837
411504997;41.17222;-8.598296;-0.1500686;0.7185908
411504999;41.17335;-8.598948;-0.15008;0.7186105
411506246;41.17413;-8.605944;-0.1502021;0.7186241
411644943;41.17119;-8.605328;-0.1501913;0.7185728
411834913;41.17294;-8.609511;-0.1502643;0.7186033
411834914;41.17312;-8.608396;-0.1502448;0.7186065
411834915;41.17332;-8.607331;-0.1502263;0.71861
411835381;41.17214;-8.597795;-0.1500598;0.7185894
411835382;41.17227;-8.597378;-0.1500525;0.7185916
411835383;41.17245;-8.596834;-0.1500431;0.7185948
411835384;41.17268;-8.596517;-0.1500375;0.7185989
411835385;41.17298;-8.59668;-0.1500404;0.7186041
411835386;41.17352;-8.597006;-0.1500461;0.7186136
411835387;41.17392;-8.597272;-0.1500507;0.7186204
411835388;41.17437;-8.597632;-0.150057;0.7186283
411835389;41.17472;-8.597941;-0.1500624;0.7186345
411835390;41.17485;-8.598165;-0.1500663;0.7186368
411835391;41.17487;-8.598602;-0.1500739;0.718637
411835392;41.17479;-8.599074;-0.1500822;0.7186356
411835393;41.17474;-8.599495;-0.1500895;0.7186347
411835470;41.17201;-8.598168;-0.1500663;0.7185871
411917815;41.17123;-8.594299;-0.1499988;0.7185735
412246600;41.17857;-8.606335;-0.1502089;0.7187015
412246602;41.17633;-8.603968;-0.1501676;0.7186626
412246603;41.17657;-8.604001;-0.1501682;0.7186667
412246604;41.17669;-8.604044;-0.1501689;0.7186688
412246606;41.17698;-8.604337;-0.150174;0.7186739
412246607;41.17762;-8.605254;-0.15019;0.7186851
412246608;41.17834;-8.606224;-0.150207;0.7186976
412247985;41.17638;-8.603786;-0.1501644;0.7186635
412247987;41.17647;-8.603452;-0.1501586;0.7186649
412247988;41.17658;-8.603169;-0.1501536;0.7186669
412247991;41.17684;-8.602457;-0.1501412;0.7186714
412247996;41.17687;-8.602148;-0.1501358;0.7186719
412248000;41.1768;-8.601924;-0.1501319;0.7186707
412248004;41.17661;-8.601693;-0.1501279;0.7186674
412248006;41.176;-8.600886;-0.1501138;0.7186568
412248011;41.17587;-8.600602;-0.1501088;0.7186545
412248019;41.17571;-8.600207;-0.1501019;0.7186518
412249442;41.17372;-8.603829;-0.1501652;0.718617
412249443;41.17453;-8.603838;-0.1501653;0.7186311
412249444;41.17496;-8.603847;-0.1501655;0.7186387
412249445;41.17533;-8.603873;-0.1501659;0.7186451
412249446;41.17592;-8.603916;-0.1501667;0.7186553
412249448;41.1749;-8.599916;-0.1500969;0.7186376
412249449;41.17516;-8.600053;-0.1500992;0.7186421
412249450;41.17541;-8.600165;-0.1501012;0.7186464
412249451;41.17599;-8.600161;-0.1501011;0.7186565
412256453;41.17192;-8.598451;-0.1500713;0.7185856
416007714;41.17297;-8.60932;-0.150261;0.7186038
416007715;41.17076;-8.606333;-0.1502088;0.7185654
416007716;41.1699;-8.607848;-0.1502353;0.7185503
416007717;41.16975;-8.608122;-0.1502401;0.7185476
416007718;41.16967;-8.608213;-0.1502417;0.7185463
416007719;41.16971;-8.607974;-0.1502375;0.718547
416007724;41.16999;-8.607934;-0.1502368;0.7185519
416007731;41.16982;-8.608363;-0.1502443;0.718549
416007732;41.17011;-8.609067;-0.1502566;0.718554
416007740;41.16897;-8.607101;-0.1502223;0.7185341
416007741;41.16859;-8.606715;-0.1502155;0.7185275
416007742;41.16835;-8.606998;-0.1502205;0.7185233
416410131;41.16978;-8.599941;-0.1500973;0.7185482
416410137;41.16834;-8.601249;-0.1501201;0.7185231
416410143;41.16931;-8.600011;-0.1500985;0.71854
416410145;41.16919;-8.60032;-0.1501039;0.718538
416410148;41.16899;-8.600629;-0.1501093;0.7185344
416410150;41.16875;-8.600989;-0.1501156;0.7185303
416410152;41.16858;-8.601162;-0.1501186;0.7185273
416716818;41.16812;-8.601363;-0.1501221;0.7185192
417998887;41.16973;-8.606041;-0.1502037;0.7185474
417998888;41.16937;-8.60348;-0.1501591;0.718541
417998897;41.16938;-8.606004;-0.1502031;0.7185413
417998898;41.16917;-8.605647;-0.1501969;0.7185376
417998904;41.16881;-8.605012;-0.1501858;0.7185313
417998905;41.16859;-8.604686;-0.1501801;0.7185274
417998906;41.16845;-8.604514;-0.1501771;0.718525
418191593;41.16969;-8.605789;-0.1501994;0.7185466
418191594;41.16912;-8.606364;-0.1502094;0.7185368
420774511;41.18282;-8.609439;-0.1502631;0.7187757
420774512;41.18136;-8.609349;-0.1502615;0.7187503
420776893;41.1819;-8.59567;-0.1500227;0.7187597
420776894;41.18231;-8.597074;-0.1500472;0.7187669
420776895;41.18234;-8.597224;-0.1500499;0.7187674
420776909;41.18217;-8.597129;-0.1500482;0.7187644
420776939;41.17641;-8.600032;-0.1500989;0.7186639
420776940;41.17708;-8.599697;-0.150093;0.7186756
420776943;41.17791;-8.5993;-0.1500861;0.71869
420776945;41.18033;-8.598083;-0.1500649;0.7187323
420776958;41.18068;-8.595079;-0.1500124;0.7187385
420776961;41.18017;-8.59477;-0.150007;0.7187296
420777494;41.17389;-8.600878;-0.1501136;0.7186199
420777495;41.1716;-8.599431;-0.1500884;0.71858
420777496;41.17163;-8.599285;-0.1500858;0.7185806
420807840;41.18203;-8.597182;-0.1500491;0.7187621
420807841;41.18364;-8.603268;-0.1501554;0.7187902
425725650;41.17039;-8.610135;-0.1502752;0.7185588
425725652;41.16845;-8.61235;-0.1503139;0.7185251
428050263;41.16969;-8.608077;-0.1502393;0.7185466
428050270;41.16959;-8.608026;-0.1502384;0.7185448
428050272;41.16936;-8.607974;-0.1502375;0.718541
428050273;41.16917;-8.607957;-0.1502372;0.7185375
428050275;41.16904;-8.608034;-0.1502385;0.7185354
428050276;41.16898;-8.607974;-0.1502375;0.7185342
428050277;41.16886;-8.607974;-0.1502375;0.7185321
428050279;41.1686;-8.607983;-0.1502376;0.7185276
428050280;41.16836;-8.607974;-0.1502375;0.7185234
428050282;41.16825;-8.607888;-0.150236;0.7185216
428050283;41.16805;-8.607742;-0.1502334;0.7185181
428050313;41.17083;-8.607442;-0.1502282;0.7185665
428050315;41.17059;-8.607536;-0.1502299;0.7185624
428050316;41.17043;-8.607614;-0.1502312;0.7185596
428050318;41.1703;-8.607742;-0.1502334;0.7185574
428050319;41.17019;-8.607751;-0.1502336;0.7185553
428670442;41.17099;-8.60745;-0.1502283;0.7185694
428670443;41.1708;-8.609835;-0.15027;0.7185661
428670444;41.17065;-8.608299;-0.1502432;0.7185634
428670445;41.17101;-8.6085;-0.1502467;0.7185698
428670446;41.17055;-8.60866;-0.1502495;0.7185616
428670447;41.1706;-8.609218;-0.1502592;0.7185625
428670448;41.17099;-8.607106;-0.1502223;0.7185694
429205569;41.18235;-8.596905;-0.1500443;0.7187676
429205572;41.18374;-8.596943;-0.150045;0.7187919
429205574;41.18512;-8.596915;-0.1500445;0.718816
429205575;41.18545;-8.596891;-0.1500441;0.7188216
429205578;41.18602;-8.596831;-0.150043;0.7188316
429833936;41.18235;-8.597123;-0.1500481;0.7187676
429833940;41.18246;-8.597264;-0.1500506;0.7187695
429833942;41.18258;-8.597414;-0.1500532;0.7187716
429833943;41.18295;-8.597868;-0.1500611;0.7187781
429833945;41.18331;-8.598288;-0.1500684;0.7187843
429833953;41.18353;-8.598644;-0.1500747;0.7187882
429833956;41.18371;-8.598936;-0.1500797;0.7187914
429833958;41.18455;-8.600701;-0.1501106;0.718806
429833960;41.1852;-8.601625;-0.1501267;0.7188174
429833962;41.18571;-8.602242;-0.1501374;0.7188262
429833964;41.18624;-8.60313;-0.150153;0.7188356
430006694;41.17848;-8.598989;-0.1500807;0.7187001
430006697;41.18023;-8.605126;-0.1501878;0.7187306
430012027;41.17645;-8.597519;-0.150055;0.7186645
430012028;41.17647;-8.597818;-0.1500602;0.7186649
430012030;41.17681;-8.599139;-0.1500833;0.7186708
430012057;41.17606;-8.597052;-0.1500469;0.7186578
430012058;41.17606;-8.597285;-0.1500509;0.7186577
430267067;41.18581;-8.603538;-0.1501601;0.7188279
430267068;41.18596;-8.603835;-0.1501652;0.7188305
430267069;41.18601;-8.60419;-0.1501714;0.7188315
430267070;41.186;-8.604497;-0.1501768;0.7188312
430267079;41.18344;-8.601283;-0.1501207;0.7187866
430267080;41.18398;-8.601028;-0.1501163;0.718796
430267081;41.18479;-8.601093;-0.1501174;0.7188102
430267082;41.18429;-8.60101;-0.150116;0.7188015
430267083;41.18467;-8.602726;-0.1501459;0.7188081
430273240;41.18373;-8.597773;-0.1500594;0.7187917
430273244;41.18373;-8.598787;-0.1500771;0.7187917
430273247;41.18304;-8.596572;-0.1500385;0.7187797
430273250;41.18339;-8.596724;-0.1500411;0.7187858
430273253;41.18362;-8.59683;-0.150043;0.7187898
430273255;41.185;-8.597273;-0.1500507;0.7188139
430273258;41.18493;-8.598432;-0.1500709;0.7188126
430273261;41.18409;-8.598727;-0.1500761;0.718798
430273263;41.18608;-8.596839;-0.1500431;0.7188327
430273266;41.18606;-8.597956;-0.1500626;0.7188323
430284754;41.18604;-8.611999;-0.1503077;0.7188321
430284757;41.18613;-8.610374;-0.1502794;0.7188335
430284760;41.18538;-8.610201;-0.1502763;0.7188204
430284834;41.18381;-8.612552;-0.1503174;0.718793
430284836;41.18376;-8.611795;-0.1503042;0.7187923
431615494;41.18372;-8.601141;-0.1501182;0.7187915
431615495;41.18487;-8.601196;-0.1501192;0.7188116
431615496;41.18494;-8.601108;-0.1501177;0.7188128
431615497;41.18515;-8.600828;-0.1501128;0.7188165
431615498;41.18541;-8.600877;-0.1501136;0.718821
431615499;41.18554;-8.600926;-0.1501145;0.7188233
431925046;41.18523;-8.601864;-0.1501309;0.7188179
431925047;41.18524;-8.601683;-0.1501277;0.718818
431925048;41.18288;-8.59927;-0.1500856;0.7187768
431947932;41.18537;-8.59297;-0.1499756;0.7188203
431947934;41.1851;-8.594577;-0.1500037;0.7188156
431947936;41.18513;-8.594791;-0.1500074;0.7188161
431947938;41.18527;-8.594962;-0.1500104;0.7188185
431947940;41.18546;-8.595014;-0.1500113;0.7188218
431947942;41.18583;-8.594893;-0.1500092;0.7188283
431947945;41.1862;-8.594743;-0.1500066;0.7188348
431947962;41.186;-8.594788;-0.1500073;0.7188313
431947965;41.18531;-8.593358;-0.1499824;0.7188193
431947967;41.18575;-8.593454;-0.1499841;0.7188268
431947969;41.1835;-8.590493;-0.1499324;0.7187877
431947973;41.18619;-8.592166;-0.1499616;0.7188346
431947975;41.18629;-8.592549;-0.1499683;0.7188364
431947977;41.18633;-8.592762;-0.149972;0.718837
431947979;41.18631;-8.592886;-0.1499742;0.7188367
432578781;41.17727;-8.599606;-0.1500914;0.7186789
432578810;41.17297;-8.598734;-0.1500762;0.7186039
432578813;41.17374;-8.599188;-0.1500841;0.7186173
432578817;41.17481;-8.598956;-0.1500801;0.718636
432578823;41.17359;-8.589924;-0.1499225;0.7186147
432578826;41.17687;-8.595781;-0.1500247;0.718672
432578827;41.17684;-8.595567;-0.1500209;0.7186714
432578828;41.17686;-8.595352;-0.1500172;0.7186718
432578830;41.1761;-8.595953;-0.1500277;0.7186585
432578831;41.17542;-8.594193;-0.149997;0.7186466
432578846;41.17487;-8.589293;-0.1499114;0.718637
432578847;41.17506;-8.589996;-0.1499237;0.7186403
432578848;41.17532;-8.590494;-0.1499324;0.7186449
432578849;41.1761;-8.591636;-0.1499523;0.7186585
432578850;41.17647;-8.591567;-0.1499511;0.718665
432578851;41.17674;-8.591507;-0.1499501;0.7186697
432578852;41.17584;-8.593301;-0.1499814;0.718654
432578853;41.17519;-8.593524;-0.1499853;0.7186427
432578854;41.17469;-8.592408;-0.1499658;0.718634
432578855;41.17394;-8.591138;-0.1499436;0.7186208
432578856;41.17335;-8.590082;-0.1499252;0.7186105
432578857;41.1753;-8.59191;-0.1499571;0.7186446
432578858;41.17505;-8.592116;-0.1499607;0.7186401
432578859;41.17429;-8.592511;-0.1499676;0.7186269
432578860;41.17335;-8.592657;-0.1499702;0.7186105
432578861;41.17285;-8.592854;-0.1499736;0.7186018
432578862;41.17244;-8.59306;-0.1499772;0.7185946
432578863;41.17209;-8.593318;-0.1499817;0.7185886
432578864;41.17193;-8.593438;-0.1499838;0.7185858
432578885;41.17519;-8.58919;-0.1499096;0.7186426
432578888;41.17541;-8.589996;-0.1499237;0.7186465
432578890;41.17545;-8.590297;-0.149929;0.7186471
432578893;41.17537;-8.590408;-0.1499309;0.7186458
432578901;41.17457;-8.594494;-0.1500022;0.7186319
432578903;41.17431;-8.594631;-0.1500046;0.7186273
432578906;41.17408;-8.594786;-0.1500073;0.7186232
432578908;41.17371;-8.594983;-0.1500107;0.7186167
432578916;41.17323;-8.595223;-0.150015;0.7186084
432578919;41.17267;-8.595661;-0.1500226;0.7185987
432578922;41.17238;-8.59591;-0.1500269;0.7185937
432578925;41.1724;-8.596065;-0.1500296;0.7185939
432578927;41.1725;-8.59621;-0.1500322;0.7185957
432578930;41.1726;-8.596348;-0.1500346;0.7185975
432578938;41.17324;-8.59798;-0.1500631;0.7186086
432578945;41.174;-8.598453;-0.1500713;0.7186218
432589602;41.17966;-8.58968;-0.1499182;0.7187206
432589603;41.17965;-8.589638;-0.1499175;0.7187206
432589605;41.1791;-8.589722;-0.1499189;0.7187108
432597946;41.17936;-8.609296;-0.1502606;0.7187155
432597947;41.17729;-8.609253;-0.1502598;0.7186792
432597949;41.17664;-8.611836;-0.1503049;0.7186679
432597951;41.17541;-8.609236;-0.1502595;0.7186464
432597952;41.17556;-8.609751;-0.1502685;0.718649
432597953;41.17579;-8.610523;-0.150282;0.7186531
432597954;41.17642;-8.611579;-0.1503004;0.7186642
432862420;41.185;-8.597346;-0.150052;0.7188138
432862422;41.1841;-8.598427;-0.1500709;0.7187982
432862423;41.18473;-8.597327;-0.1500517;0.7188091
432874388;41.18607;-8.59732;-0.1500515;0.7188326
433073096;41.18586;-8.597654;-0.1500574;0.7188288
433073097;41.18586;-8.597958;-0.1500627;0.7188289
433073103;41.18448;-8.596929;-0.1500447;0.7188048
433073105;41.18449;-8.596496;-0.1500372;0.718805
433073106;41.18467;-8.596381;-0.1500352;0.718808
433469133;41.18308;-8.590384;-0.1499305;0.7187803
433469135;41.18338;-8.590033;-0.1499244;0.7187855
433469136;41.18314;-8.590108;-0.1499257;0.7187815
433469137;41.18307;-8.590325;-0.1499295;0.7187803
433469138;41.18314;-8.590544;-0.1499333;0.7187815
433469139;41.18331;-8.590633;-0.1499348;0.7187843
433469140;41.18347;-8.590544;-0.1499333;0.7187872
433469141;41.18354;-8.590325;-0.1499295;0.7187883
433469142;41.18353;-8.590166;-0.1499267;0.7187881
433469143;41.18331;-8.590017;-0.1499241;0.7187843
433469148;41.18546;-8.589424;-0.1499137;0.7188219
433469149;41.18576;-8.589799;-0.1499203;0.7188271
433469150;41.18612;-8.590243;-0.149928;0.7188334
433469151;41.18636;-8.590606;-0.1499344;0.7188376
433469153;41.18635;-8.591167;-0.1499442;0.7188374
433469154;41.18622;-8.591483;-0.1499497;0.7188352
433469155;41.18618;-8.591834;-0.1499558;0.7188344
433469176;41.18298;-8.589844;-0.1499211;0.7187786
433469177;41.18278;-8.58948;-0.1499147;0.718775
433469187;41.18262;-8.589773;-0.1499198;0.7187723
433469188;41.18217;-8.589574;-0.1499164;0.7187644
433469189;41.18177;-8.589411;-0.1499135;0.7187575
433469190;41.18141;-8.589211;-0.14991;0.7187513
433469196;41.18027;-8.589527;-0.1499155;0.7187314
433469197;41.18026;-8.589785;-0.14992;0.7187311
433469198;41.18029;-8.590042;-0.1499245;0.7187317
433469199;41.18034;-8.590288;-0.1499288;0.7187325
433469200;41.18042;-8.590451;-0.1499317;0.7187338
433469201;41.18071;-8.590569;-0.1499337;0.7187389
433469202;41.18108;-8.590686;-0.1499358;0.7187454
433469204;41.18153;-8.590802;-0.1499378;0.7187533
433469205;41.18182;-8.590873;-0.149939;0.7187584
435240867;41.1769;-8.612313;-0.1503132;0.7186725
435240873;41.17706;-8.612665;-0.1503194;0.7186753
435240898;41.17596;-8.595592;-0.1500214;0.7186561
435240906;41.1778;-8.598452;-0.1500713;0.7186882
435240914;41.17767;-8.598501;-0.1500722;0.718686
435240917;41.17693;-8.594313;-0.1499991;0.718673
435240919;41.17471;-8.609794;-0.1502692;0.7186342
435240927;41.17649;-8.593233;-0.1499802;0.7186653
435240930;41.17596;-8.593233;-0.1499802;0.7186561
435240932;41.1755;-8.593416;-0.1499834;0.7186481
435240959;41.17751;-8.594282;-0.1499985;0.7186831
435240968;41.17494;-8.612768;-0.1503212;0.7186383
435240969;41.17488;-8.611824;-0.1503047;0.7186372
435240970;41.17512;-8.611807;-0.1503044;0.7186413
435240972;41.17507;-8.610631;-0.1502839;0.7186406
435240974;41.17477;-8.610631;-0.1502839;0.7186354
435468987;41.1685;-8.609751;-0.1502685;0.7185258
435469018;41.16813;-8.609219;-0.1502592;0.7185194
435759029;41.18401;-8.603384;-0.1501574;0.7187966
435759031;41.18472;-8.603003;-0.1501507;0.7188089
435759032;41.18491;-8.603601;-0.1501612;0.7188123
435759033;41.1851;-8.604177;-0.1501712;0.7188156
436639211;41.18644;-8.589689;-0.1499184;0.718839
436639212;41.18617;-8.58952;-0.1499154;0.7188343
436639213;41.18616;-8.589402;-0.1499134;0.7188342
436639214;41.18617;-8.589192;-0.1499097;0.7188342
436639217;41.18634;-8.589627;-0.1499173;0.7188373
436639218;41.18631;-8.58995;-0.1499229;0.7188367
436639219;41.1863;-8.590216;-0.1499275;0.7188366
436639220;41.18631;-8.590405;-0.1499309;0.7188367
436639221;41.18628;-8.590476;-0.1499321;0.7188361
436639232;41.1864;-8.590359;-0.14993;0.7188382
436639233;41.18631;-8.590323;-0.1499294;0.7188367
436639235;41.18593;-8.590007;-0.1499239;0.71883
436639236;41.18603;-8.590343;-0.1499298;0.7188318
436639237;41.18596;-8.59067;-0.1499355;0.7188306
436639238;41.18599;-8.590849;-0.1499386;0.7188311
436639239;41.18604;-8.591085;-0.1499427;0.718832
436639240;41.1861;-8.591239;-0.1499454;0.718833
444004614;41.18451;-8.607109;-0.1502224;0.7188052
444004615;41.18443;-8.606969;-0.1502199;0.7188038
444004616;41.1843;-8.606807;-0.1502171;0.7188017
444004617;41.18412;-8.60673;-0.1502158;0.7187985
444004618;41.18394;-8.606817;-0.1502173;0.7187953
444004619;41.18384;-8.607077;-0.1502218;0.7187936
444004620;41.18384;-8.607358;-0.1502267;0.7187936
444004621;41.18384;-8.607596;-0.1502309;0.7187936
444004622;41.18383;-8.607943;-0.1502369;0.7187935
444004623;41.18382;-8.608321;-0.1502436;0.7187933
444004624;41.18378;-8.60884;-0.1502526;0.7187926
444004625;41.18435;-8.607358;-0.1502267;0.7188026
444004626;41.18383;-8.607822;-0.1502348;0.7187935
444004627;41.18438;-8.607823;-0.1502349;0.7188029
444004628;41.18382;-8.608269;-0.1502426;0.7187933
444004629;41.18435;-8.608285;-0.1502429;0.7188026
444004630;41.18375;-8.608135;-0.1502403;0.718792
444004631;41.18367;-8.608213;-0.1502417;0.7187907
444004632;41.18359;-8.608257;-0.1502424;0.7187892
444004633;41.18346;-8.608257;-0.1502424;0.7187869
444004634;41.18324;-8.608208;-0.1502416;0.718783
444004635;41.18307;-8.608125;-0.1502401;0.7187801
444004636;41.18276;-8.607969;-0.1502374;0.7187748
444004637;41.18268;-8.60792;-0.1502365;0.7187733
444004638;41.1826;-8.607892;-0.1502361;0.718772
444004639;41.18247;-8.607898;-0.1502362;0.7187697
444004640;41.18238;-8.607926;-0.1502367;0.7187682
444004641;41.18233;-8.608034;-0.1502385;0.7187673
444004642;41.18229;-8.608294;-0.1502431;0.7187665
444004643;41.18227;-8.608705;-0.1502502;0.7187662
444004644;41.18225;-8.608911;-0.1502538;0.7187659
444004645;41.18222;-8.60941;-0.1502625;0.7187654
444004646;41.18228;-8.608487;-0.1502464;0.7187663
444004647;41.18275;-8.60851;-0.1502468;0.7187746
444004649;41.18134;-8.611453;-0.1502982;0.7187499
444004651;41.18202;-8.611398;-0.1502972;0.7187618
444004652;41.18382;-8.611136;-0.1502927;0.7187932
444004653;41.18377;-8.610447;-0.1502807;0.7187924
444004654;41.18377;-8.610101;-0.1502746;0.7187924
444004655;41.1837;-8.609448;-0.1502632;0.7187912
444004662;41.1771;-8.60858;-0.1502481;0.718676
444004663;41.17692;-8.60877;-0.1502514;0.7186729
444004664;41.1767;-8.608921;-0.150254;0.718669
444004665;41.17648;-8.608921;-0.150254;0.7186652
444004666;41.17616;-8.608997;-0.1502554;0.7186595
444004667;41.17576;-8.609062;-0.1502565;0.7186525
444004668;41.17552;-8.609095;-0.1502571;0.7186484
444004669;41.17463;-8.606433;-0.1502106;0.7186328
444004670;41.17484;-8.606779;-0.1502166;0.7186365
444004671;41.17506;-8.607125;-0.1502227;0.7186404
444004672;41.17517;-8.607331;-0.1502263;0.7186423
444004673;41.17522;-8.607548;-0.1502301;0.7186432
444004674;41.1753;-8.608109;-0.1502399;0.7186446
444004675;41.17533;-8.608413;-0.1502451;0.7186452
444004676;41.1752;-8.607456;-0.1502285;0.7186428
444004677;41.17546;-8.607591;-0.1502308;0.7186474
444004678;41.17561;-8.607677;-0.1502323;0.71865
444004679;41.17588;-8.607666;-0.1502321;0.7186547
444004680;41.17617;-8.607558;-0.1502302;0.7186598
444004681;41.17647;-8.607396;-0.1502274;0.718665
444004682;41.17676;-8.607223;-0.1502244;0.71867
444004683;41.17703;-8.60705;-0.1502214;0.7186747
444011305;41.17767;-8.607094;-0.1502221;0.7186859
444011306;41.17689;-8.607846;-0.1502353;0.7186723
444011307;41.17728;-8.607457;-0.1502285;0.7186792
444011308;41.17553;-8.608378;-0.1502445;0.7186486
444011309;41.17837;-8.606519;-0.1502121;0.7186981
444011310;41.17834;-8.606455;-0.150211;0.7186976
444011311;41.17532;-8.608309;-0.1502433;0.718645
444011312;41.17707;-8.607746;-0.1502335;0.7186754
444011313;41.17695;-8.608041;-0.1502386;0.7186733
444011315;41.17443;-8.606212;-0.1502067;0.7186293
444011317;41.17433;-8.606071;-0.1502043;0.7186276
444011318;41.17447;-8.605878;-0.1502009;0.7186301
444011320;41.17495;-8.605772;-0.1501991;0.7186384
444011321;41.17521;-8.605737;-0.1501984;0.718643
444011323;41.17555;-8.605719;-0.1501981;0.718649
444017057;41.16975;-8.599534;-0.1500902;0.7185478
444017058;41.17035;-8.599498;-0.1500895;0.7185581
444017059;41.17097;-8.599427;-0.1500883;0.718569
444017060;41.17101;-8.599379;-0.1500875;0.7185698
444017061;41.17043;-8.599414;-0.1500881;0.7185596
444017062;41.17041;-8.599041;-0.1500816;0.7185593
444017063;41.16973;-8.599119;-0.1500829;0.7185473
444017064;41.17106;-8.598976;-0.1500804;0.7185706
444017065;41.1697;-8.598742;-0.1500764;0.7185469
444017067;41.17111;-8.598611;-0.1500741;0.7185715
444017068;41.16968;-8.598359;-0.1500697;0.7185465
444017069;41.17069;-8.598269;-0.1500681;0.7185641
444017071;41.17016;-8.599509;-0.1500898;0.7185548
444026518;41.18132;-8.596098;-0.1500302;0.7187496
444026520;41.181;-8.595908;-0.1500269;0.7187441
444026522;41.1804;-8.595502;-0.1500198;0.7187337
444026524;41.18005;-8.595274;-0.1500158;0.7187275
444026527;41.18058;-8.595019;-0.1500114;0.7187368
444026528;41.18119;-8.595393;-0.1500179;0.7187474
445028119;41.18636;-8.591656;-0.1499527;0.7188376
445028134;41.18621;-8.593997;-0.1499935;0.7188349
445028135;41.18639;-8.593689;-0.1499882;0.7188382
445028239;41.18189;-8.589202;-0.1499099;0.7187595
445028240;41.18196;-8.589487;-0.1499148;0.7187607
445032800;41.18529;-8.589199;-0.1499098;0.7188188
445032804;41.18524;-8.58921;-0.14991;0.7188181
445032809;41.18114;-8.590701;-0.149936;0.7187464
445032810;41.18095;-8.591625;-0.1499521;0.7187433
445032812;41.18058;-8.591246;-0.1499455;0.7187368
445032813;41.18075;-8.591461;-0.1499493;0.7187396
445032814;41.18087;-8.591584;-0.1499514;0.7187418
445032815;41.18106;-8.591809;-0.1499554;0.7187451
445032816;41.18123;-8.591923;-0.1499573;0.7187481
445032817;41.1814;-8.59202;-0.149959;0.718751
445032818;41.18153;-8.592108;-0.1499606;0.7187533
445032819;41.18161;-8.592133;-0.149961;0.7187546
445032820;41.18129;-8.591957;-0.1499579;0.7187491
445032821;41.18142;-8.591086;-0.1499427;0.7187514
445439255;41.17331;-8.600513;-0.1501073;0.7186099
445439258;41.17289;-8.600245;-0.1501026;0.7186024
445439261;41.17253;-8.600017;-0.1500986;0.7185962
445439265;41.17199;-8.599679;-0.1500927;0.7185869
445439274;41.17176;-8.5989;-0.1500791;0.7185829
445439284;41.1724;-8.5984;-0.1500704;0.7185939
445439290;41.17429;-8.599523;-0.15009;0.718627
445439300;41.17961;-8.589191;-0.1499097;0.7187197
445439326;41.17971;-8.58918;-0.1499095;0.7187214
445439334;41.17215;-8.599127;-0.1500831;0.7185895
445439337;41.17271;-8.599456;-0.1500888;0.7185994
445439340;41.17309;-8.599677;-0.1500927;0.718606
445439343;41.1735;-8.59996;-0.1500976;0.7186131
445439344;41.17405;-8.600261;-0.1501029;0.7186228
445439347;41.17396;-8.600578;-0.1501084;0.7186212
446308238;41.18386;-8.60309;-0.1501523;0.7187939
446308239;41.18388;-8.603299;-0.1501559;0.7187943
446308240;41.18388;-8.60337;-0.1501571;0.7187942
446308241;41.18385;-8.603402;-0.1501577;0.7187937
446308242;41.18459;-8.609321;-0.150261;0.7188067
446308243;41.18455;-8.609386;-0.1502621;0.718806
446308244;41.18452;-8.609418;-0.1502627;0.7188056
446308245;41.1845;-8.609468;-0.1502635;0.7188051
446308246;41.18453;-8.609505;-0.1502642;0.7188056
474799754;41.16813;-8.612766;-0.1503211;0.7185194
474799757;41.16837;-8.612689;-0.1503198;0.7185236
474799758;41.16843;-8.612706;-0.1503201;0.7185247
474800739;41.16846;-8.612698;-0.1503199;0.7185252
474800927;41.1685;-8.612432;-0.1503153;0.7185258
474800939;41.16846;-8.612526;-0.1503169;0.7185252
504782500;41.17102;-8.608281;-0.1502429;0.7185699
504782506;41.17144;-8.608255;-0.1502424;0.7185773
504782511;41.17164;-8.608281;-0.1502429;0.7185807
504782513;41.1719;-8.608273;-0.1502427;0.7185852
504782514;41.17218;-8.607852;-0.1502354;0.71859
506111738;41.17868;-8.598042;-0.1500641;0.7187035
506111739;41.1784;-8.594316;-0.1499991;0.7186987
506111741;41.17836;-8.594248;-0.1499979;0.7186979
506111742;41.17832;-8.593853;-0.149991;0.7186973
519337747;41.17849;-8.606405;-0.1502101;0.7187002
519337750;41.17927;-8.605669;-0.1501973;0.7187139
519337762;41.17869;-8.609282;-0.1502603;0.7187037
738940435;41.18442;-8.600427;-0.1501058;0.7188037
738940473;41.18407;-8.59969;-0.1500929;0.7187977
773982485;41.16941;-8.589242;-0.1499106;0.7185417
773982490;41.16867;-8.589531;-0.1499156;0.7185288
773982494;41.16954;-8.589364;-0.1499127;0.718544
773982498;41.1692;-8.589343;-0.1499123;0.7185382
784475024;41.17704;-8.593101;-0.1499779;0.7186748
788826675;41.18282;-8.597707;-0.1500583;0.7187758
788826682;41.1828;-8.598982;-0.1500805;0.7187755
788826684;41.18268;-8.598304;-0.1500687;0.7187733
788826688;41.1828;-8.598778;-0.150077;0.7187755
788826691;41.18291;-8.598584;-0.1500736;0.7187775
788826695;41.18277;-8.598403;-0.1500704;0.7187749
788826699;41.18285;-8.598696;-0.1500756;0.7187764
788826702;41.18254;-8.597984;-0.1500631;0.718771
788826707;41.18279;-8.598911;-0.1500793;0.7187752
788826710;41.18258;-8.598129;-0.1500657;0.7187716
788826712;41.18287;-8.598444;-0.1500712;0.7187767
