4257028;26015900;26015890;
4257028;26015890;26015888;
4259341;25532204;112597522;
4259341;112597522;25532205;
4259341;25532205;112597525;
4259341;112597525;25532210;
4259343;26015879;25532177;
4259343;25532177;25532146;
4259343;25532146;25532145;
4259343;25532145;25532144;
4259343;25532144;25532143;
4259343;25532143;26122713;
4259344;26122714;25532195;
4259344;25532195;25532193;
4259344;25532193;25532222;
4259345;26122714;25532197;
4259345;25532197;25532199;
4259345;25532199;25532200;
4259345;25532200;25532201;
4259345;25532201;25532202;
4259345;25532202;25532203;
4259345;25532203;26015891;
4306660;112652825;26057776;
4306660;26057776;112652828;
4306660;112652828;26057774;
4306660;26057774;112652829;
4306660;112652829;26057772;
4306660;26057772;112652830;
4306660;112652830;26057769;
4306661;26057858;26122720;
9223616;26122713;26122715;
9223616;26122715;26122717;
9223616;26122717;26122718;
13798158;128587399;128587401;
13798158;128587401;128587402;
13798158;128587402;128587405;
13798158;128587405;128587408;
13798158;128587408;128587410;
13798158;128587410;128587416;
13798158;128587416;128591046;
13798158;128591046;128591048;
13798158;128591048;128591050;
13798158;128591050;128591052;
13798158;128591052;128591054;
13798192;128587416;128588839;
13798192;128588839;128588840;
13798192;128588840;128588844;
13798192;128588844;128588845;
13798192;128588845;128588848;
13798192;128588848;128588850;
13798192;128588850;128588853;
13798192;128588853;128588856;
13798192;128588856;128588858;
13798192;128588858;128588859;
13798272;128594093;128606054;
13798272;128606054;128594096;
13798272;128594096;128594097;
13798272;128594097;128594098;
13798272;128594098;128594099;
13798291;128594093;128607704;
13798291;128607704;128595581;
13798291;128595581;128595583;
13798291;128595583;128595584;
13798291;128595584;128595587;
13798291;128595587;128595589;
13798291;128595589;128595591;
13798575;128591054;128591056;
13798575;128591056;128591059;
13798575;128591059;128591062;
13798575;128591062;128591064;
13798575;128591064;128591066;
13798575;128591066;128591068;
29035144;26122786;26122787;
29036508;26015888;26015886;
29036508;26015886;26015884;
29036508;26015884;26015882;
29036509;26015879;26015881;
29036509;26015881;26015883;
29036509;26015883;26015885;
29036509;26015885;26015887;
29036509;26015887;26015889;
29036509;26015889;26015891;
29036509;26015891;26015897;
29036509;26015897;26015899;
29036510;25532222;25532189;
29036511;25532189;112597547;
29036511;112597547;25532183;
29036511;25532183;112597549;
29036511;112597549;25532181;
29036511;25532181;26015888;
29036512;25532210;25532211;
29036513;25532211;25532212;
29036513;25532212;26122713;
34777927;128586501;128591901;
34777927;128591901;128591902;
34777927;128591902;128591905;
34777927;128591905;128594093;
35078500;411504977;411504979;
35078500;411504979;420777494;
35078500;420777494;411504981;
35078500;411504981;411504984;
35078500;411504984;411504986;
35078500;411504986;411504987;
35078500;411504987;412249442;
35078501;411504995;411835470;
35078501;411835470;411504997;
35078501;411504997;445439284;
35078501;445439284;432578810;
35078501;432578810;411504999;
35078501;411504999;432578813;
35078501;432578813;445439290;
35078501;445439290;411504977;
35105021;420777494;445439255;
35105021;445439255;445439258;
35105021;445439258;445439261;
35105021;445439261;445439265;
35105021;445439265;420777495;
35105022;411835384;411835385;
35105022;411835385;411835386;
35105022;411835386;411835387;
35105022;411835387;411835388;
35105022;411835388;411835389;
35105022;411835389;411835390;
35105022;411835390;411835391;
35105022;411835391;432578817;
35105022;432578817;411835392;
35105022;411835392;411835393;
35105022;411835393;411504977;
35145152;412249442;412249443;
35145152;412249443;412249444;
35145152;412249444;412249445;
35145152;412249445;412249446;
35145152;412249446;412246602;
35145272;412246602;412247985;
35145272;412247985;412247987;
35145272;412247987;412247988;
35145272;412247988;412247991;
35145272;412247991;412247996;
35145272;412247996;412248000;
35145272;412248000;412248004;
35145272;412248004;412248006;
35145272;412248006;412248011;
35145272;412248011;412248019;
35145521;411504977;412249448;
35145521;412249448;412249449;
35145521;412249449;412249450;
35145521;412249450;412248019;
35145521;412248019;412249451;
35145521;412249451;420776939;
35145521;420776939;420776940;
35145521;420776940;432578781;
35145521;432578781;420776943;
35145521;420776943;430006694;
35145521;430006694;420776945;
35145522;412246606;412246604;
35145522;412246604;412246603;
35145522;412246603;412246602;
35997812;420777495;420777496;
35997812;420777496;445439274;
35997812;445439274;412256453;
35997812;412256453;411835470;
35997812;411835470;411835381;
35997812;411835381;411835382;
35997812;411835382;411835383;
35997812;411835383;411835384;
37141967;420776943;435240914;
37141967;435240914;432578826;
37141967;432578826;432578827;
37141967;432578827;432578828;
37141967;432578828;435240917;
37141967;435240917;784475024;
37141968;432578781;430012030;
37141968;430012030;430012028;
37141968;430012028;430012027;
37141968;430012027;430012058;
37141968;430012058;430012057;
37141968;430012057;432578830;
37141968;432578830;435240898;
37141968;435240898;432578831;
37141973;435240927;435240930;
37141973;435240930;432578852;
37141973;432578852;435240932;
37141973;435240932;432578853;
37141974;432578862;432578863;
37141974;432578863;432578864;
37141982;432578831;432578901;
37141982;432578901;432578903;
37141982;432578903;432578906;
37141982;432578906;432578908;
37141982;432578908;432578916;
37141982;432578916;432578919;
37141982;432578919;432578922;
37141982;432578922;432578925;
37141982;432578925;432578927;
37141982;432578927;432578930;
37141982;432578930;411835384;
37141983;411835382;432578938;
37141983;432578938;432578945;
37141983;432578945;432578817;
37141984;432578810;432578938;
37141985;432578813;432578945;
37142499;26122719;26122720;
37142500;26122718;26122719;
37142501;26122787;26122788;
37142502;26122788;26122789;
37142502;26122789;26122716;
37142502;26122716;26122714;
37338732;435240914;435240906;
37338733;435240917;435240959;
37856823;444026522;444026524;
37937529;445439274;445439334;
37937529;445439334;445439337;
37937529;445439337;445439340;
37937530;411504999;445439340;
37937530;445439340;445439258;
37937531;445439343;445439344;
37937532;445439347;445439344;
37937532;445439344;445439290;
37937534;445439265;445439334;
37937534;445439334;445439284;
37937535;445439261;445439337;
37937535;445439337;432578810;
37937536;445439255;445439343;
37937536;445439343;432578813;
41380172;435240906;506111738;
41380172;506111738;506111739;
41380173;435240959;506111741;
41380173;506111741;506111742;
